4,4,4,4,2,2,4,4,1,1,4,1,5
4,3,1,2,7,8,6,5,11,12,10,9,13
12483,14531,15546,19994,12354,12136,12478,14033,21444,16839,11894,17212,9602
11.786,14.052,15.151,19.623,11.904,11.626,11.363,13.448,20.924,16.289,11.186,16.627,9.01
4461,3115,7022,9680,2700,2718,5848,2772,3373,2724,4316,2513,3634
3.873,2.512,6.202,9.287,1.938,2.242,5.238,2.254,2.794,2.162,3.742,1.987,3.1
A1MTRZDRKNB9GV
N/A
undefined
undefined
I like for the page to load all at once not just parts of it , if really slow I don't like it , yes it was clear on how to do the study 
Chrome
29.182
0
1,1,1,1,1,1,1,1,1,1,1,1,1
1,1,1,1,1,1,1,1,1,1,0,1,1
0,0,0,0,0,0,0,0,0,0,0,0,0
0,0,0,0,0,0,0,0,0,0,0,0,0
-1,0,0,0,0,0,0,0,0,0,0,0,0
,,,,,,,,,,,,
1