5,4,3,4,1,1,2,2,1,1,1,1,5
1,2,4,3,7,8,5,6,10,9,12,11,13
14688,23972,18433,16960,15738,16852,17137,16578,21913,18455,22001,21548,13096
12.295,13.497,12.847,13.223,12.877,13.555,14.257,13.214,19.542,15.679,19.62,19.228,10.746
12158,9097,7279,7877,5626,5755,8748,9060,6533,6353,7611,5622,6375
8.011,5.873,4.117,5.002,2.668,2.707,4.869,6.131,4.433,2.603,4.504,3.667,4.287
A26RPQDD0RQEHL
N/A
undefined
undefined
The time taken to load the webpage is the reason for grading.
Chrome
23.579
0
1,1,1,1,1,1,1,1,1,1,1,1,1
0,1,1,1,1,1,1,1,1,0,1,1,1
0,0,0,0,0,0,0,0,0,0,0,0,0
0,0,0,0,0,0,0,0,0,0,0,0,0
0,0,0,-1,0,0,0,0,0,0,0,0,0
,,,,,,,,,,,,
1