5,5,5,4,5,4,5,5,5,4,5,5,5
3,4,2,1,5,6,7,8,10,9,12,11,13
13107,14374,12169,14220,16807,12689,13469,14302,18133,18440,19283,18047,11969
11.395,12.675,10.705,12.51,15.083,11.009,11.738,12.601,16.434,16.524,17.593,16.328,10.03
3443,3600,3281,3318,3397,3660,3161,3558,3588,3655,3631,3762,3724
1.74,2.06,1.73,1.813,1.662,2.178,1.686,2.091,2.079,2.166,1.948,2.28,1.938
A28A3HF3LSEIDT
N/A
undefined
undefined
GOOD
Chrome
5.561
0
1,1,1,1,1,1,1,1,1,1,1,1,1
1,1,0,1,1,1,1,1,1,1,1,1,1
0,0,0,0,0,0,0,0,0,0,0,0,0
0,0,0,0,0,0,0,0,0,0,0,0,0
0,-1,0,0,0,0,0,0,0,0,0,0,0
,,,,,,,,,,,,
1