4,4,4,4,4,3,4,4,2,2,2,2,5
4,3,2,1,6,5,7,8,12,11,9,10,13
15935,16618,18190,29918,16486,17396,17490,16734,18929,24395,21401,21928,28505
13.624,14.426,15.723,26.681,13.96,15.073,14.842,13.106,16.669,22.027,16.646,17.863,26.202
5300,6337,8456,11417,5905,5343,7201,6312,7004,8540,5338,8405,8001
3.06,2.633,6.068,8.341,3.66,2.158,4.387,3.591,2.567,5.62,2.691,5.768,5.238
A2A2VSZ2C8PC19
N/A
undefined
undefined
the image loading time is very crucial when we consider about the internet speed
Chrome
23.173
0
1,1,1,3,1,1,1,1,1,1,1,1,3
1,1,1,2,1,1,1,1,1,1,1,1,3
0,0,0,5,0,0,0,0,0,0,0,0,1
0,0,0,0,0,0,0,0,0,0,0,0,0
0,-1,0,0,0,0,0,0,0,0,0,0,0
,,,,,,,,,,,,
1