2,2,2,2,3,3,3,3,1,1,1,1,5
2,1,4,3,5,6,7,8,11,12,10,9,13
12686,15205,13227,13149,13358,11301,11366,12139,17004,17317,18025,14612,9063
12.216,14.741,12.652,12.539,12.381,10.789,10.758,11.695,16.329,16.701,17.552,14.004,8.428
2412,8295,1973,4549,4204,2202,2144,2223,2609,2346,2203,3338,2468
1.841,7.792,1.488,4.023,3.768,1.646,1.636,1.707,1.813,1.534,1.583,2.708,1.901
A2O2Q0LVWOWJ1G
N/A
undefined
undefined
I want everything to load at once. 
Chrome
23.097
0
1,1,1,1,1,1,1,1,1,1,1,1,1
1,1,1,1,1,1,1,1,1,1,1,0,1
0,0,0,0,0,0,0,0,0,0,0,0,0
0,0,0,0,0,0,0,0,0,0,0,0,0
0,0,0,-1,0,0,0,0,0,0,0,0,0
,,,,,,,,,,,,
1