5,4,5,5,4,5,5,5,4,5,4,5,5
4,3,2,1,7,8,5,6,10,9,11,12,13
16084,15980,44660,14841,19992,17675,30279,14274,18460,16315,18223,20306,10877
13.381,13.25,9.189,7.59,13.727,15.407,27.801,11.606,15.975,14.05,15.93,18.014,8.18
5122,9806,6540,6784,5594,5365,4175,4575,4441,4600,4376,4254,5760
2.638,6.696,3.648,4.601,3.123,2.449,1.903,1.922,1.817,1.917,1.825,1.619,3.7
A34HSCZ1PZCDY0
N/A
undefined
undefined
none
Chrome
6.264
0
1,1,2,1,1,2,2,1,1,1,1,1,1
1,1,1,1,1,1,1,1,1,0,1,1,1
0,0,1,0,0,1,1,0,0,0,0,0,0
0,0,0,0,0,0,0,0,0,0,0,0,0
0,-1,0,0,0,0,0,0,0,0,0,0,0
,,,,,,,,,,,,
1