5,4,4,4,4,2,2,4,1,2,2,2,5
1,2,4,3,5,6,7,8,9,10,12,11,13
22380,17443,13619,16975,20041,18067,16105,15171,26657,20989,22540,21721,20267
17.913,15.622,12.121,12.653,18.269,16.315,14.331,13.242,14.845,19.209,20.764,19.622,18.469
10462,5151,4831,4881,8685,4275,4145,3818,4749,3965,5553,3905,4520
8.686,3.4,3.319,3.336,6.892,2.722,2.6,2.286,2.967,2.465,4.017,2.113,2.675
A3QZMGTVA4VO44
N/A
undefined
undefined
The loading of web page didn't cause serious affect in my watching experience. But, slow loading is sometimes irritating. The guidelines are clear and nothing is confusing.
Chrome
21.813
0
1,1,1,1,1,1,1,1,1,1,1,1,2
1,1,0,0,1,1,1,1,0,1,1,1,2
0,0,0,0,0,0,0,0,0,0,0,0,1
0,0,0,0,0,0,0,0,0,0,0,0,0
0,0,0,-1,0,0,0,0,0,0,0,0,0
,,,,,,,,,,,,
1