4,3,4,4,3,4,4,4,4,4,4,4,4
3,4,2,1,8,7,5,6,11,12,10,9,13
15529,14493,36454,15047,17852,14351,14267,15075,17782,22912,19334,18551,23052
13.886,12.846,34.548,13.389,16.435,12.7,12.582,13.382,16.091,21.217,17.637,16.849,21.399
3978,4673,4529,11701,4301,3462,3739,3650,3169,3459,3726,3357,6746
2.524,3.273,2.877,9.959,2.927,2.011,2.315,2.231,1.774,2.024,2.276,1.914,5.023
A5LYLHG880ABE
N/A
undefined
undefined
good
Chrome
12.545
0
1,1,2,1,1,1,1,1,1,1,1,1,1
1,1,2,1,1,1,1,1,1,1,1,1,1
0,0,1,0,0,0,0,0,0,0,0,0,0
0,0,0,0,0,0,0,0,0,0,0,0,0
0,-1,0,0,0,0,0,0,0,0,0,0,0
,,,,,,,,,,,,
1