2,2,2,2,4,4,2,2,1,1,1,1,5
2,1,3,4,6,5,8,7,12,11,9,10,13
14694,16938,10827,10175,13565,28329,12305,13602,18617,18933,18166,47461,8893
14.143,16.185,10.306,4.136,12.988,11.514,11.768,13.081,18.088,6.052,10.78,30.892,8.352
1979,7867,2104,1932,2627,2759,1887,2099,1728,1781,1992,1924,2435
1.455,7.256,1.605,1.362,2.085,2.198,1.241,1.46,1.249,1.265,1.467,1.389,1.897
A6U5ZHN5Y953Q
N/A
undefined
undefined
Just the speed and smoothness.
Chrome
34.935
0
1,1,1,1,1,1,1,1,1,1,1,1,1
1,1,0,0,1,1,1,1,1,1,1,1,1
0,0,0,0,0,0,0,0,0,0,0,0,0
0,0,0,0,0,0,0,0,0,0,0,0,0
0,0,-1,0,0,0,0,0,0,0,0,0,0
,,,,,,,,,,,,
1