2,2,2,3,1,1,1,2,1,1,1,1,5
2,1,4,3,6,5,7,8,11,12,10,9,13
13126,17148,14337,19444,11800,15226,12791,12944,18507,23054,18849,17290,11368
12.872,14.574,14.117,19.239,11.592,14.985,12.579,12.697,18.237,20.162,18.563,17.033,11.097
2930,4114,3410,5121,1719,2012,1955,1644,1827,1878,2006,2590,2838
2.681,3.888,3.139,4.903,1.501,1.763,1.718,1.415,1.548,1.65,1.768,2.362,2.59
AKX5RHHO8BIUX
N/A
undefined
undefined
For things to load in sequence, quickly, without large blank areas or unfilled items.  I want the whole page to show up at once without fuss or bother.  The instructions were clear, and the grading was straightforward. 
Chrome
29.102
0
1,1,1,1,1,1,1,1,1,1,1,1,1
1,1,1,1,1,1,1,1,1,1,1,1,1
0,0,0,0,0,0,0,0,0,0,0,0,0
0,0,0,0,0,0,0,0,0,0,0,0,0
0,0,0,-1,0,0,0,0,0,0,0,0,0
,,,,,,,,,,,,
1