5,5,5,5,2,2,2,2,3,1,1,1,5
2,1,4,3,8,7,5,6,12,11,10,9,13
12963,21043,12221,13489,13206,15691,13857,12876,13727,10960,12118,13090,9490
12.709,20.661,11.966,13.212,12.964,15.423,13.505,12.567,13.521,10.749,11.902,12.842,9.262
4154,5420,2760,6374,3285,2756,4284,2759,3070,3946,2809,2473,2358
3.947,5.184,2.552,3.525,3.034,2.54,4.008,2.51,2.86,3.677,2.602,2.244,2.136
ALML8V38FDV0
N/A
undefined
undefined
Time to load.
Chrome
8.38
0
1,1,1,1,1,1,1,1,1,1,1,1,1
0,1,0,1,0,1,1,1,0,0,0,0,1
0,0,0,0,0,0,0,0,0,0,0,0,0
0,0,0,0,0,0,0,0,0,0,0,0,0
0,0,0,-1,0,0,0,0,0,0,0,0,0
,,,,,,,,,,,,
1