4,4,4,4,4,4,4,4,3,4,4,4,5
3,4,2,1,5,6,7,8,9,10,12,11,13
12181,18584,21442,23094,13028,15239,13945,12151,19859,10381,12143,8133,9551
8.783,14.989,18.141,18.886,10.369,13.269,9.903,9.024,16.728,7.219,8.427,5.414,6.28
5403,6118,8214,10184,5202,5681,4928,4974,7581,7355,5838,5350,12401
2.426,2.583,5.291,6.601,2.58,2.396,2.033,2.443,1.912,2.592,2.686,2.407,5.79
AXQWKUJF7SQXP
N/A
undefined
undefined
In short, your website should load as fast as possible
Chrome
10.351
0
1,2,1,2,1,1,1,2,1,1,3,1,1
0,2,1,2,0,1,0,1,1,0,2,0,0
0,0,0,0,0,0,0,0,0,0,1,0,0
0,0,0,0,0,0,0,0,0,0,0,0,0
0,-1,0,0,0,0,0,0,0,0,0,0,0
,,,,,,,,,,,,
1