3,4,4,5,4,4,2,4,4,5,5,3,4
3,4,1,2,8,7,6,5,10,9,12,11,13
9240,8535,23532,12817,9334,9085,8568,11035,9984,10069,9859,10874,9403
6.824,6.979,21.913,10.105,7.731,7.462,6.996,8.822,8.45,8.479,8.284,9.299,7.784
4045,3756,171157,4567,3131,3235,4480,3393,3224,3099,3418,3341,3024
2.707,2.421,68.61,2.948,1.788,1.876,2.888,2.028,1.875,1.747,2.108,1.992,1.654
A1FPCIKO68OQ63
N/A
undefined
undefined
Good
Chrome
30.417
0
1,1,1,1,1,1,1,1,1,1,1,1,1
0,0,1,0,0,0,0,0,0,0,0,0,1
0,0,0,0,0,0,0,0,0,0,0,0,0
0,0,0,0,0,0,0,0,0,0,0,0,0
-1,0,0,0,0,0,0,0,0,0,0,0,0
,,,,,,,,,,,,
1