5,1,1,1,1,1,1,1,1,1,1,1,1
1,2,3,4,6,5,8,7,9,10,12,11,13
6881,5969,4892,12495,5804,2523,3484,3221,4366,3589,4374,3936,6484
6.468,5.547,4.525,4.778,5.39,2.159,3.03,2.733,3.909,3.159,3.979,3.538,6.062
7918,4540,2074,3342,2470,3379,2127,2205,2111,2100,2666,2805,2383
7.496,4.17,1.711,2.946,1.878,3.021,1.724,1.715,1.706,1.699,2.236,2.421,1.887
A1IZ4NX41GKU4X
N/A
undefined
undefined
The speed of the videos loading and the quality of the video. 
Safari
22.155
0
0,0,0,0,0,0,0,0,0,0,0,0,0
0,0,0,0,0,0,0,0,0,0,0,0,0
0,0,0,0,0,0,0,0,0,0,0,0,0
0,0,0,0,0,0,0,0,0,0,0,0,0
0,0,-1,0,0,0,0,0,0,0,0,0,0
,,,,,,,,,,,,
1