4,5,5,5,5,5,4,4,5,5,5,5,5
1,2,3,4,7,8,6,5,11,12,9,10,13
23192,19354,19666,14551,14393,13377,20064,18080,25597,29537,20911,94079,15976
21.089,17.409,16.944,12.663,12.495,11.477,18.438,13.788,22.788,27.973,18.809,38.026,13.382
7952,5874,6587,4432,4404,4364,4513,4204,3982,4562,4266,4150,8693
5.738,4.092,4.525,2.748,2.61,2.606,2.719,2.509,2.224,2.888,2.34,2.456,6.279
A2BAQ26SMQQEUG
N/A
undefined
undefined
GOOD
Chrome
14.744
0
1,1,1,1,1,1,1,1,2,1,1,1,1
1,1,1,1,1,1,1,1,2,1,1,1,1
0,0,0,0,0,0,0,0,0,0,0,0,0
0,0,0,0,0,0,0,0,0,0,0,0,0
0,0,-1,0,0,0,0,0,0,0,0,0,0
,,,,,,,,,,,,
1