4,4,5,4,4,4,5,4,5,3,4,4,3
3,4,1,2,5,6,8,7,11,12,9,10,13
20568,15978,30566,18156,13068,13895,20715,11375,28567,16016,25834,15745,15578
20.268,11.58,30.267,17.567,12.772,13.593,20.435,11.092,28.292,15.693,25.493,15.476,15.297
2411,2595,8976,7504,2288,1939,3393,2113,1819,2319,2319,2051,4603
2.108,2.337,8.575,6.994,2.022,1.619,3.103,1.839,1.534,2.045,1.964,1.785,4.298
A26UAJWMMNN351
N/A
undefined
undefined
How fast it loads. If it loads slower I give it a lower rating. The guideline was clear. No confusion about grading process
Chrome
7.053
0
2,3,2,1,1,1,1,1,2,1,2,1,2
1,2,2,1,1,1,1,1,1,1,1,1,2
1,2,1,0,0,0,0,0,1,0,1,0,1
0,0,0,0,0,0,0,0,0,0,0,0,0
-1,0,0,1,0,0,0,0,0,0,0,0,0
,,,,,,,,,,,,
1