2,2,3,4,2,3,2,3,2,2,2,2,5
4,3,1,2,5,6,7,8,10,9,11,12,13
21128,10852,14680,17340,13193,11065,11514,11917,14681,15033,12588,12280,9789
17.715,9.198,12.193,14.656,11.382,9.426,9.838,10.161,12.988,13.323,10.723,10.588,8.156
3945,4267,8092,10080,3937,3190,3771,3626,3378,8459,3159,3363,3619
2.455,2.78,6.438,8.316,2.265,1.791,2.229,2.162,1.81,6.714,1.657,1.927,2.22
A2QQY4S73JO639
N/A
undefined
undefined
quick image load is most important, process was clear
Chrome
31.703
0
1,1,1,1,1,1,1,1,1,1,1,1,1
0,0,1,1,1,0,0,0,0,0,0,0,1
0,0,0,0,0,0,0,0,0,0,0,0,0
0,0,0,0,0,0,0,0,0,0,0,0,0
-1,0,0,0,0,0,0,0,0,0,0,0,0
,,,,,,,,,,,,
0