5,4,4,5,4,4,4,3,5,5,5,5,5
1,2,3,4,8,7,5,6,12,11,10,9,13
15261,8838,13198,13601,13336,11859,11240,13659,16692,17057,18593,16837,10141
13.662,7.198,11.573,11.959,11.442,10.214,9.618,11.731,14.375,15.414,16.626,14.915,8.521
9380,3351,3647,3292,2886,2870,3375,3588,2860,3142,3116,2982,3503
7.729,1.923,2.246,1.857,1.434,1.392,1.886,2.177,1.181,1.536,1.427,1.484,1.86
AORHXBTOCXFUK
N/A
undefined
undefined
It is clear and i am not confused.
Chrome
6.689
0
1,1,1,1,1,1,1,1,1,1,1,1,1
1,0,1,1,1,1,0,1,0,1,1,1,1
0,0,0,0,0,0,0,0,0,0,0,0,0
0,0,0,0,0,0,0,0,0,0,0,0,0
0,0,-1,0,0,0,0,0,0,0,0,0,0
,,,,,,,,,,,,
1