4,4,4,4,3,3,3,3,1,1,1,1,5
1,2,3,4,5,6,8,7,12,11,10,9,13
17032,20999,20852,14847,22590,46019,13686,13819,17102,17799,19459,18494,17182
13.038,20.034,19.858,13.849,21.761,40.893,12.738,12.994,16.395,16.895,18.436,17.533,16.168
6396,4813,3141,9936,3617,3973,5193,3504,3798,2617,3506,4412,5850
5.142,3.568,2.044,8.232,2.685,2.794,4.434,2.659,2.733,1.809,2.289,3.138,4.729
A1CHC8M7CWC254
N/A
undefined
undefined
i want to be able to see all the images right from the beginning not loading one by one
Chrome
32.696
0
1,1,1,1,2,2,1,1,1,1,1,1,1
1,1,1,0,1,1,1,1,1,1,1,1,1
0,0,0,0,1,1,0,0,0,0,0,0,0
0,0,0,0,0,0,0,0,0,0,0,0,0
0,0,-1,0,0,0,0,0,0,0,0,0,0
,,,,,,,,,,,,
1