5,4,3,4,4,4,5,3,5,4,4,5,5
2,1,4,3,7,8,5,6,12,11,10,9,13
13512,15148,12161,14532,12133,14672,12828,11802,16328,16634,16842,16685,9162
11.788,12.114,10.482,12.814,10.359,10.598,11.061,10.316,13.973,15.166,15.155,15.182,7.462
3353,7826,3496,3143,2883,2666,2889,3907,2915,2989,2740,2901,2953
1.854,6.068,1.773,1.645,1.366,1.158,1.37,2.307,1.446,1.492,1.236,1.431,1.473
A1DVKS3R9SLQ1H
N/A
undefined
undefined
its clear video and no buffering during the video
Chrome
39.597
0
1,1,1,1,1,1,1,1,1,1,1,1,1
1,1,0,1,1,1,1,1,0,0,1,1,1
0,0,0,0,0,0,0,0,0,0,0,0,0
0,0,0,0,0,0,0,0,0,0,0,0,0
0,0,0,-1,0,0,0,0,0,0,0,0,0
,,,,,,,,,,,,
1