2,1,2,2,3,3,3,2,2,1,2,2,5
3,4,1,2,8,7,5,6,10,9,12,11,13
13151,13517,16997,15412,13335,13468,13326,13751,17867,18624,19020,19514,10649
11.506,11.881,15.326,13.82,11.661,11.907,11.713,12.174,16.486,16.972,17.311,17.928,8.967
3167,3203,8648,3887,3020,3127,2826,2820,2918,2737,2625,2687,4855
1.79,1.888,7.07,2.473,1.706,1.775,1.688,1.493,1.589,1.611,1.431,1.516,3.721
A1IHI23KH87K5W
N/A
undefined
undefined
How long the page took to load, and whether graphics loaded in batches or individually
Chrome
13.007
0
1,1,1,1,1,1,1,1,1,1,1,1,1
1,1,1,1,1,1,1,1,1,1,1,1,1
0,0,0,0,0,0,0,0,0,0,0,0,0
0,0,0,0,0,0,0,0,0,0,0,0,0
-1,0,0,0,0,0,0,0,0,0,0,0,0
,,,,,,,,,,,,
1