4,4,4,4,3,4,4,4,2,2,1,1,5
2,1,4,3,5,6,7,8,12,11,10,9,13
12495,14139,12137,12737,14510,13805,13518,12554,17949,16712,17584,17669,8187
12.078,13.676,11.768,12.343,14.155,13.237,13.083,12.138,17.563,16.319,17.208,17.181,7.818
5252,9246,3622,7830,11646,4378,3574,4703,9878,3370,2528,4394,4355
4.851,8.791,3.265,7.458,11.235,3.787,3.145,4.305,9.498,2.981,2.155,4.029,4.003
A1V2M2C00I5SWW
N/A
undefined
undefined
loading all at once, or at the very least similar elements loading in order.  If there are many random unfilled boxes and they fill slowly and randomly it makes for a less satisfying experience.
Chrome
21.858
0
1,1,1,1,1,1,1,1,1,1,1,1,1
1,1,1,1,1,1,1,1,1,1,1,1,1
0,0,0,0,0,0,0,0,0,0,0,0,0
0,0,0,0,0,0,0,0,0,0,0,0,0
0,0,0,-1,0,0,0,0,0,0,0,0,0
,,,,,,,,,,,,
1