4,5,5,4,3,5,5,4,4,4,5,4,5
4,3,2,1,6,5,7,8,10,9,12,11,13
27311,17037,27007,57370,24154,22498,23059,20383,44882,37070,24915,25770,9890
24.469,14.177,25.175,43.005,22.164,20.692,21.217,18.558,34.948,31.825,23.117,23.951,8.128
3892,3556,5559,5818,3719,4674,3742,3717,3527,5280,8589,3705,8012
2.257,1.902,3.971,4.22,2.088,2.989,2.136,2.025,1.907,3.707,6.604,2.04,6.177
A1XO6ONCCTBMKW
N/A
undefined
undefined
The guideline was clear
Chrome
6.034
0
0,1,1,1,0,1,1,1,1,0,0,0,0
0,1,1,1,0,1,1,1,1,0,0,0,0
0,0,0,0,0,0,0,0,0,0,0,0,0
0,0,0,0,0,0,0,0,0,0,0,0,0
0,-1,0,0,0,0,0,0,0,0,0,0,0
,,,,,,,,,,,,
1