2,2,2,1,1,1,1,1,1,1,1,1,5
1,2,4,3,7,8,6,5,10,9,11,12,13
14668,13411,28806,12665,11459,12029,12376,16831,17624,16851,16256,17130,10221
14.182,12.92,21.651,12.236,10.957,11.587,11.956,7.281,17.106,16.416,15.833,2.499,9.787
8353,2829,3659,2695,2102,2039,2827,2413,2200,2505,2479,2094,4675
7.899,2.418,2.812,2.214,1.686,1.624,2.401,2.012,1.71,2.048,2.079,1.676,4.297
A26UIS59SY4NM6
N/A
undefined
undefined
I just want it to be instantaneous. I don't want to see individual pics loading. 
Chrome
25.671
0
1,1,3,1,1,1,1,1,1,1,1,1,1
0,1,2,1,1,1,1,1,1,1,1,1,1
0,0,3,0,0,0,0,0,0,0,0,0,0
0,0,0,0,0,0,0,0,0,0,0,0,0
0,0,0,-1,0,0,0,0,0,0,0,0,0
,,,,,,,,,,,,
1