2,2,3,3,2,2,2,2,1,1,1,2,5
4,3,2,1,5,6,7,8,9,10,11,12,13
13095,14948,19462,13134,26261,46177,21701,13443,17081,22399,42837,23390,10299
12.737,13.544,19.121,12.802,25.629,45.633,21.282,13.031,16.539,21.786,42.31,22.955,9.67
2823,3646,5845,8403,3387,2547,4807,2685,3192,2597,2129,3135,5204
2.397,3.341,5.471,8.019,2.816,2.041,4.402,2.112,2.275,2.078,1.706,2.197,4.69
A2CQP9DZSDUC5V
N/A
undefined
undefined
If all the images aren't immediately available, then that means the loading process is too slow in my opinion.
Chrome
26.082
0
1,1,1,1,1,2,1,1,1,1,1,1,1
1,1,1,0,1,2,1,1,1,1,1,1,1
0,0,0,0,0,1,0,0,0,0,0,0,0
0,0,0,0,0,0,0,0,0,0,0,0,0
0,-1,0,0,0,0,0,0,0,0,0,0,0
,,,,,,,,,,,,
1