4,4,4,4,3,4,4,4,1,2,1,3,5
1,2,3,4,5,6,7,8,9,10,11,12,13
12505,12739,11534,10814,12779,11152,11847,12113,15969,15873,15489,16990,8052
11.09,11.391,10.144,9.417,11.403,9.759,10.443,10.69,14.549,14.472,14.03,15.565,6.707
6992,2581,3226,2771,2988,2504,2536,2672,2544,2550,2560,2906,2699
5.528,1.426,2.053,1.568,1.808,1.346,1.296,1.528,1.352,1.585,1.42,1.743,1.528
A2QD9PJUKW7PKK
N/A
undefined
undefined
i had given grading based on the speed.
Chrome
5.785
0
1,1,1,1,1,1,1,1,1,1,1,1,1
0,0,0,0,1,0,1,1,0,0,0,1,1
0,0,0,0,0,0,0,0,0,0,0,0,0
0,0,0,0,0,0,0,0,0,0,0,0,0
0,0,-1,0,0,0,0,0,0,0,0,0,0
,,,,,,,,,,,,
1