4,4,4,4,2,2,2,2,2,1,1,1,4
1,2,4,3,5,6,8,7,10,9,11,12,13
13335,11583,14514,18528,14144,13157,13539,14086,18362,19743,18300,19169,11138
9.041,9.842,12.803,16.776,12.179,11.118,11.842,12.258,16.642,17.974,16.469,17.125,9.184
3261,3109,3465,2931,3414,3219,3127,3439,3260,3370,2921,3271,3830
1.567,1.594,1.705,1.457,1.651,1.427,1.413,1.707,1.485,1.701,1.384,1.558,2.117
A37M4OVE9R80G
N/A
undefined
undefined
good
Chrome
7.04
0
1,1,1,1,1,1,1,1,1,1,1,1,1
0,0,1,1,1,1,1,1,1,1,1,1,1
0,0,0,0,0,0,0,0,0,0,0,0,0
0,0,0,0,0,0,0,0,0,0,0,0,0
0,0,0,-1,0,0,0,0,0,0,0,0,0
,,,,,,,,,,,,
1