4,5,4,4,4,4,2,3,2,2,1,1,5
4,3,2,1,8,7,6,5,12,11,9,10,13
11630,11342,12516,12140,10959,10663,10840,13881,16275,15842,15390,15035,8361
11.291,10.949,12.149,11.788,3.704,4.401,10.499,13.527,5.201,15.499,15.021,14.67,8.028
1645,2057,3013,5631,2067,1911,2599,2808,1636,2146,1388,2156,2067
1.315,1.735,2.696,5.228,1.73,1.559,2.279,2.49,1.286,1.832,1.072,1.828,1.679
A3HW4QDJB63OQ2
N/A
undefined
undefined
If the main content loaded first before the extras. Everything was clear.
Chrome
12.196
0
1,1,1,1,1,1,1,1,1,1,1,1,1
1,1,1,1,1,1,1,1,1,1,1,0,1
0,0,0,0,0,0,0,0,0,0,0,0,0
0,0,0,0,0,0,0,0,0,0,0,0,0
0,-1,0,0,0,0,0,0,0,0,0,0,0
,,,,,,,,,,,,
1