4,4,4,4,4,3,3,4,3,2,2,2,5
4,3,1,2,6,5,7,8,11,12,10,9,13
12051,13559,10069,10985,15482,13111,20089,13153,16505,15975,15283,33224,8092
11.619,13.121,9.61,10.564,15.046,12.68,19.647,12.715,16.072,15.541,14.127,32.794,7.658
1629,1581,1853,4849,2209,1742,2576,1679,1744,6062,2259,1461,1801
1.255,1.208,1.482,4.473,1.818,1.377,2.174,1.306,1.382,5.624,1.878,1.087,1.441
A3UUH3632AI3ZX
N/A
undefined
undefined
how fast everything loads
Chrome
5.358
0
1,1,1,1,1,1,1,1,1,1,1,1,1
1,1,0,0,1,1,1,1,1,1,1,1,1
0,0,0,0,0,0,0,0,0,0,0,0,0
0,0,0,0,0,0,0,0,0,0,0,0,0
-1,0,0,0,0,0,0,0,0,0,0,0,0
,,,,,,,,,,,,
1