3,2,2,2,2,2,3,3,1,1,1,1,5
1,2,4,3,7,8,5,6,10,9,11,12,13
14368,12381,11948,12079,12055,12389,13073,12380,17082,16843,17948,16940,16063
14.031,12.067,11.626,11.767,11.675,11.978,12.737,11.947,16.669,16.444,17.571,16.574,15.672
8245,3482,4515,5376,4146,4254,4171,4751,2520,2763,2047,3015,3451
7.935,3.208,4.197,5.062,3.747,3.858,3.681,4.357,2.134,2.373,1.67,2.622,3.076
ADJ9I7ZBFYFH7
N/A
undefined
undefined
It sort of depends on how fast the images load, and it what order. If they load randomly then it's less satisfactory. I'd rather them load from top to bottom, or left to right. The guidelines are clear.
Chrome
21.13
0
1,1,1,1,1,1,1,1,1,1,1,1,2
1,1,1,1,1,1,1,1,1,1,1,1,2
0,0,0,0,0,0,0,0,0,0,0,0,1
0,0,0,0,0,0,0,0,0,0,0,0,0
0,0,0,-1,0,0,0,0,0,0,0,0,0
,,,,,,,,,,,,
1