4,3,2,4,2,1,1,2,1,3,2,2,5
1,2,3,4,7,8,6,5,12,11,9,10,13
36860,18872,13880,10527,15355,10096,11813,13037,16159,19593,16373,15230,14057
33.284000000000006,16.983,10.732,7.892,10.912,7.918,9.51,9.955,9.799,15.722,14.155,13.009,8.996
21189,5320,3244,4697,4123,5576,4665,4278,3872,4385,6306,3661,4543
17.797,3.795,1.786,2.271,1.605,2.535,2.103,1.81,1.663,1.64,4.343,1.946,2.082
AE03LUY7RH400
N/A
undefined
undefined
LOADING IMAGE VERY SLOW
Chrome
23.07
0
3,1,1,2,5,1,2,4,1,1,1,5,1
2,1,0,1,4,1,2,4,0,0,0,5,1
1,0,0,1,4,1,1,3,0,0,0,4,0
0,0,0,0,0,0,0,0,0,0,0,0,0
1,0,-1,0,0,0,0,0,0,0,0,0,0
,,,,,,,,,,,,
1