4,5,5,5,3,3,3,5,4,4,4,5,5
3,4,1,2,5,6,7,8,12,11,9,10,13
28019,28594,22939,21186,19800,17776,19095,18040,20726,19485,20541,20718,12429
25.188,15.893,20.281,18.49,16.245,15.096,16.226,15.365,17.383,16.633,17.884,16.896,10.269
14273,9172,54826,12916,15889,15049,8347,6029,5904,4742,5129,8165,3440
11.548,5.081,22.447,7.872,10.006,12.437,5.168,2.38,2.427,2.067,2.166,5.457,1.675
AL6TUFYAMT6U4
N/A
undefined
undefined
NO
Chrome
8.807
0
1,1,1,1,1,1,1,1,1,1,1,1,1
1,1,1,1,1,1,1,0,1,1,0,0,1
0,0,0,0,0,0,0,0,0,0,0,0,0
0,0,0,0,0,0,0,0,0,0,0,0,0
-1,0,0,0,0,0,0,0,0,0,0,0,0
,,,,,,,,,,,,
1