3,3,2,4,4,2,4,4,1,2,1,1,5
3,4,2,1,6,5,7,8,11,12,9,10,13
12825,29348,15469,16012,14288,39332,33366,13026,17108,17514,16369,16705,9357
12.524,28.995,14.599,15.476,13.956,39.009,24.131,12.709,16.755,17.185,16.03,16.367,8.965
2005,2039,7318,1940,1877,2632,1786,1605,1990,2404,1472,2400,2512
1.721,1.726,6.722,1.666,1.573,2.312,1.457,1.331,1.72,1.466,1.151,1.715,2.246
AW0MG225VXWCN
N/A
undefined
undefined
The speed of the graphics being loaded and whether it continued to load consistently.
Chrome
43.985
0
1,1,1,1,1,1,2,1,1,1,1,1,1
1,1,1,1,1,1,2,1,1,1,1,1,1
0,0,0,0,0,0,1,0,0,0,0,0,0
0,0,0,0,0,0,0,0,0,0,0,0,0
0,-1,0,0,0,0,0,0,0,0,0,0,0
,,,,,,,,,,,,
1