5,5,4,5,1,1,2,4,1,1,1,1,5
2,1,3,4,8,7,5,6,9,10,12,11,13
15963,20231,17594,16972,17380,16018,17260,28350,18349,21781,19140,16789,13379
13.731,18.488,15.174,14.99,15.491,13.875,15.266,26.29,15.841,19.784,16.925,14.729,11.153
6571,15415,14616,4440,4730,7922,7480,3639,4581,3129,4541,3841,5931
4.654,13.155,12.505,1.827,3.021,5.809,5.206,1.94,2.85,1.438,2.915,2.002,3.953
A11SX02CICZN85
N/A
undefined
undefined
Loading Must be very fast. I just disagreed some video which has website images loads very slowly
Chrome
28.179
0
1,1,1,1,1,1,1,1,1,1,1,1,1
1,1,1,1,1,1,1,1,0,1,1,0,1
0,0,0,0,0,0,0,0,0,0,0,0,0
0,0,0,0,0,0,0,0,0,0,0,0,0
0,0,-1,0,0,0,0,0,0,0,0,0,0
,,,,,,,,,,,,
1