5,5,4,4,5,5,5,5,5,5,5,5,5
3,4,2,1,7,8,6,5,11,12,10,9,13
13221,20331,15622,23123,13617,32601,18779,18506,27776,26155,27284,23043,16522
11.602,18.684,13.945,21.495,12.015,31.162,17.162,17.128,26.36,24.539,25.239,21.383,15.142
3716,4350,10445,4083,4478,3907,3301,4364,4680,3188,3308,3954,3142
2.091,2.727,8.787,2.665,3.042,2.537,1.896,2.883,3.282,1.749,1.882,2.577,1.75
A1IOMFFEKCWOIT
N/A
undefined
undefined
none
Chrome
17.29
0
1,1,1,1,1,1,1,1,1,1,1,1,1
1,1,1,1,1,1,1,1,1,1,1,1,1
0,0,0,0,0,0,0,0,0,0,0,0,0
0,0,0,0,0,0,0,0,0,0,0,0,0
0,-1,0,0,0,0,0,0,0,0,0,0,0
,,,,,,,,,,,,
1