4,4,4,4,4,4,4,4,3,4,3,4,5
1,2,3,4,5,6,8,7,12,11,9,10,13
20695,17941,23941,17990,29022,14661,16673,15306,37490,18628,18010,19046,13625
19.025,16.007,22.255,16.286,25.701,13.018,5.327,13.638,34.135000000000005,16.945,16.365,17.337,11.904
10587,4511,6958,4456,4558,3964,3927,4231,8657,3466,4752,7178,4924
8.61,3.076,5.263,3.014,3.145,2.546,2.481,2.847,5.815,2.028,3.379,5.354,3.506
A1IU5OP7BBZHZ7
N/A
undefined
undefined
pages opening part by part is like waiting more time
Chrome
17.585
0
1,1,1,1,2,1,1,1,2,1,1,1,1
1,1,1,1,2,1,1,1,2,1,1,1,1
0,0,0,0,1,0,0,0,0,0,0,0,0
0,0,0,0,0,0,0,0,0,0,0,0,0
0,0,-1,0,0,0,0,0,1,0,0,0,0
,,,,,,,,,,,,
1