5,5,5,5,5,5,4,4,2,1,2,2,5
3,4,2,1,6,5,8,7,11,12,10,9,13
16516,15979,35788,24099,19421,18550,18230,17600,27015,32570,40975,21561,16840
14.536,14.158,34.195,22.593,17.284,16.623,16.387,15.643,25.432,30.877,37.655,19.695,15.199
5265,4440,13523,9141,4788,5550,5360,4306,4391,5450,10164,6975,11864
3.179,2.506,11.304,7.326,3.099,3.899,3.68,2.697,2.542,3.745,8.362,4.14,10.106
A1L8RL58MYU4NC
N/A
undefined
undefined
Image in the website should load faster
Chrome
46.223
0
1,1,2,1,1,1,1,1,1,1,1,1,1
1,1,2,1,1,1,1,1,1,1,1,1,1
0,0,1,0,0,0,0,0,0,0,0,0,0
0,0,0,0,0,0,0,0,0,0,0,0,0
0,-1,0,0,0,0,0,0,0,0,0,0,0
,,,,,,,,,,,,
1