5,5,5,5,4,3,3,3,2,2,2,2,5
2,1,3,4,5,6,7,8,11,12,9,10,13
18926,34991,13251,12939,15463,15530,14177,15523,21166,28844,19173,22531,18562
17.318,33.112,11.319,10.731,13.132,13.319,11.95,8.584,19.172,24.744,17.034,20.578,13.719
8993,11028,13641,5512,8935,16071,4829,5326,4059,4508,3997,4359,6241
7.145,8.565,11.543,3.428,6.383,14.144,2.667,3.043,2.378,2.457,2.421,2.162,4.202
A1NH9LK567B862
N/A
undefined
undefined
Image that loads fast seems to be the reason
Chrome
51.01
0
1,2,1,1,1,1,1,1,1,1,1,1,2
1,1,0,0,1,1,1,1,0,1,1,1,2
0,1,0,0,0,0,0,0,0,0,0,0,1
0,0,0,0,0,0,0,0,0,0,0,0,0
0,0,-1,0,0,0,0,0,0,0,0,0,0
,,,,,,,,,,,,
1