4,4,4,4,3,3,3,3,2,2,2,2,5
3,4,2,1,6,5,8,7,12,11,9,10,13
18291,14002,24699,33178,14918,15780,13646,13800,17974,18327,19328,19221,11095
17.648,13.447,20.886,31.514000000000003,14.138,15.157,13.023,13.147,17.297,17.606,18.669,18.479,10.438
6892,4936,7699,11592,5892,3679,4911,3283,6119,3261,2831,2784,2640
6.223,4.295,6.955,10.327,5.249,3.116,4.354,2.714,5.472,2.652,2.225,2.17,2.084
A2HMLPWXWU1Q7S
N/A
undefined
undefined
When it loads not only faster, but smoother. 
Chrome
30.798
0
1,1,1,2,1,1,1,1,1,1,1,1,1
1,1,1,1,1,1,1,1,1,1,1,1,1
0,0,0,0,0,0,0,0,0,0,0,0,0
0,0,0,0,0,0,0,0,0,0,0,0,0
0,-1,0,1,0,0,0,0,0,0,0,0,0
,,,,,,,,,,,,
1