4,4,4,5,3,3,3,2,1,1,2,1,5
1,2,4,3,5,6,7,8,9,10,11,12,13
16177,28152,17651,16222,15929,17039,15977,17951,20915,20865,22455,21332,15296
14.725,14.254,16.227,14.488,14.533,15.626,14.584,16.289,19.488,19.521,21.074,19.835,13.008
14406,14952,7631,4195,4221,3535,6003,4221,3831,3164,3105,5203,5496
12.705,8.232,6.16,2.942,3.033,2.321,4.306,2.984,2.613,1.989,1.856,3.348,4.26
A2J237J8KM3OCS
N/A
undefined
undefined
Website page load speed depends on a variety of factors such as unoptimized images, a high number of HTTP requests....No issues with experiment guidelines....all clear to me
Chrome
12.518
0
1,1,1,1,1,1,1,1,1,1,1,1,1
0,1,1,1,1,1,1,1,1,1,1,1,1
0,0,0,0,0,0,0,1,0,0,0,0,0
0,0,0,0,0,0,0,0,0,0,0,0,0
0,0,0,-1,0,0,0,0,0,0,0,0,0
,,,,,,,,,,,,
1