4,4,5,4,5,4,4,5,4,4,5,4,5
4,3,2,1,8,7,5,6,12,11,9,10,13
17318,20081,18851,50382,16928,15512,17677,19580,29337,25678,25148,23633,14843
15.374,16.962,16.415,38.573,14.612,13.573,15.838,17.932,27.345,23.183,22.671,21.726,12.858
4318,5010,4817,9288,4729,4321,7038,4890,6306,5085,4695,5733,4617
2.573,2.921,2.48,7.009,2.497,2.33,4.679,2.641,3.369,2.798,2.474,3.717,2.582
A2PYXFVGNJPPX0
N/A
undefined
undefined
poor quality in the video
Chrome
15.364
0
1,1,1,2,1,1,1,1,1,1,1,1,1
1,1,1,2,1,1,1,1,1,1,1,1,1
0,0,0,1,0,0,0,0,0,0,0,0,0
0,0,0,0,0,0,0,0,0,0,0,0,0
0,-1,0,0,0,0,0,0,0,0,0,0,0
,,,,,,,,,,,,
1