2,1,1,1,2,2,1,2,1,1,2,1,5
1,2,4,3,8,7,6,5,10,9,12,11,13
20132,11828,15293,13173,12091,12348,12147,12362,19463,17558,16064,18415,9463
19.674,11.308,14.786,12.688,11.582,11.836,11.619,11.769,18.969,17.053,15.562,17.795,8.865
6943,2364,2678,3789,3337,2718,2130,2823,3964,3884,2920,2591,4420
6.487,1.939,2.289,3.404,2.929,2.276,1.703,2.41,3.572,3.343,2.465,2.17,3.991
A34DWBBWZRLO1X
N/A
undefined
undefined
different sections loading one at a time is really annoying
Chrome
30.773
0
1,1,1,1,1,1,1,1,1,1,1,1,1
1,0,1,1,1,1,1,1,1,1,1,1,1
0,0,0,0,0,0,0,0,0,0,0,0,0
0,0,0,0,0,0,0,0,0,0,0,0,0
0,0,0,-1,0,0,0,0,0,0,0,0,0
,,,,,,,,,,,,
1