4,4,4,4,4,4,4,4,2,2,2,2,5
2,1,4,3,6,5,7,8,9,10,11,12,13
15134,13166,11855,14972,11294,13411,12787,11384,15632,15630,15358,13837,11433
14.589,12.645,11.495,14.59,10.958,13.018,12.371,10.981,15.301,15.066,14.953,13.388,10.932
3040,12183,2074,2083,3070,2939,2992,2294,2515,2095,2279,2408,2741
2.687,11.693,1.665,1.531,2.7,2.546,2.604,1.934,1.888,1.499,1.881,1.968,2.356
A3LFVI65XV1T46
N/A
undefined
undefined
I like everything to load quickly, and generally at the same time. The last few videos got low ratings because they loaded slower and in a strange order that made it unappealing to me.
Chrome
25.345
0
1,1,1,1,1,1,1,1,1,1,1,1,1
1,1,1,1,1,1,1,1,1,0,0,0,1
0,0,0,0,0,0,0,0,0,0,0,0,0
0,0,0,0,0,0,0,0,0,0,0,0,0
0,0,0,-1,0,0,0,0,0,0,0,0,0
,,,,,,,,,,,,
1