5,4,5,4,4,5,5,4,5,5,4,5,5
1,2,3,4,7,8,6,5,12,11,10,9,13
20255,19245,31004,16172,54731,14277,20680,14059,18811,19125,18869,18806,10199
12.267,17.135,17.205,14.352,22.203,12.438,18.846,11.022,16.839,17.285,16.958,17.03,8.391
8911,5323,5858,6666,17261,4701,5147,5694,3934,3987,4739,4294,5288
5.959,3.645,3.949,4.788,8.952,2.971,3.563,3.801,2.202,2.288,2.93,2.573,2.571
A3TUMZ954ORSUC
N/A
undefined
undefined
GOOD
Chrome
8.108
0
1,1,1,1,2,1,1,1,1,1,1,1,1
1,1,1,1,1,1,1,1,1,1,1,1,1
0,0,0,0,0,0,0,0,0,0,0,0,0
0,0,0,0,0,0,0,0,0,0,0,0,0
0,0,-1,0,2,0,0,0,0,0,0,0,0
,,,,,,,,,,,,
1