4,4,4,3,4,4,3,4,2,3,3,2,5
2,1,3,4,7,8,6,5,10,9,12,11,13
16636,22398,17423,28967,15586,30360,16104,15948,21891,20787,21086,20916,12816
14.594,20.266,15.457,18.114,13.772,24.123,14.096,14.153,20.034,18.945,19.074,19.144,11.06
7346,13804,4921,6824,7942,3843,4137,3387,3941,6976,3564,5318,5899
5.572,11.739,3.187,4.84,6.083,2.003,2.59,1.83,2.381,3.984,2.013,3.752,3.135
ASWZO1WY1UHEP
N/A
undefined
undefined
Instruction was very clear. There was no confuse about grading process. My point of view I will give the ratings strongly agree to disagree. I will give my best ratings. 
Chrome
21.932
0
1,1,1,1,1,2,1,1,1,1,1,1,1
1,1,1,1,1,2,1,1,1,1,1,1,1
0,0,0,0,0,1,0,0,0,0,0,0,0
0,0,0,0,0,0,0,0,0,0,0,0,0
0,0,-1,0,0,0,0,0,0,0,0,0,0
,,,,,,,,,,,,
1