5,5,4,4,5,4,5,5,4,5,4,4,4
3,4,1,2,7,8,6,5,10,9,12,11,13
14701,13786,17343,14526,19224,18272,15564,21203,30393,35726,7446,7829,6920
12.473,11.452,15.029,11.1,17.069,15.069,12.686,17.406,28.462,33.884,5.823,6.208,4.774
5291,7391,4675,6639,8138,5065,9353,8277,3389,10019,3002,3085,3513
2.587,4.193,1.782,3.964,5.909,2.196,6.176,5.489,1.644,7.95,1.358,1.221,1.608
A10NF5TK6IFNX6
N/A
undefined
undefined
All clear no issues
Chrome
6.986
0
1,1,1,1,1,1,1,1,1,1,1,1,1
1,0,1,1,1,0,1,1,0,1,0,0,0
0,0,0,0,0,0,0,0,0,0,0,0,0
0,0,0,0,0,0,0,0,0,0,0,0,0
-1,0,0,0,0,0,0,0,0,0,0,0,0
,,,,,,,,,,,,
1