5,5,5,4,3,5,5,5,3,5,5,3,3
4,3,2,1,5,6,8,7,12,11,10,9,13
11806,20735,18692,12638,11798,12780,11086,11396,13864,16758,15781,6395,9653
10.065,17.378,15.483,10.936,10.117,11.091,9.402,9.704,12.175,15.041,12.333,4.959,7.953
3851,6115,9702,6855,3808,3738,3274,3577,3522,3263,6880,3692,3351
2.37,3.1740000000000004,6.485,5.086,2.332,2.05,1.738,2.147,2.038,1.771,3.84,2.223,1.903
A26399B1QZ7XJJ
N/A
undefined
undefined
The video was very clear
Chrome
14.26
0
1,1,2,1,1,1,1,1,1,1,2,1,1
0,1,0,0,1,1,0,0,0,0,0,0,1
0,0,0,0,0,0,0,0,0,0,0,0,0
0,0,0,0,0,0,0,0,0,0,0,0,0
0,0,1,0,0,0,0,0,0,0,1,0,0
,,,,,,,,,,,,
1