5,4,4,4,3,3,3,3,2,2,2,2,4
4,3,2,1,6,5,8,7,10,9,12,11,13
17347,16206,16341,24379,16812,16275,16334,15881,20798,20885,20335,16860,16636
14.482,13.535,13.502,18.831,14.167,13.697,13.835,10.225,18.121,18.082,10.754,10.973,14.43
4349,6134,7259,10354,4209,7315,4444,5155,4302,6179,4840,4535,3685
1.88,3.314,3.545,7.691,1.963,3.836,2.179,2.667,2.214,3.909,2.574,1.941,1.577
A2RR3R75ECQSKE
N/A
undefined
undefined
Experiment guideline is very clear and no more confused about grading process. Loading process is quick no issue about that. 
Chrome
28.219
0
1,1,1,1,1,1,1,1,1,1,1,1,2
1,1,1,1,1,1,1,1,1,1,1,0,1
0,0,0,0,0,0,0,0,0,0,0,0,1
0,0,0,0,0,0,0,0,0,0,0,0,0
0,-1,0,0,0,0,0,0,0,0,0,0,0
,,,,,,,,,,,,
1