4,4,4,4,2,2,2,4,2,3,2,2,4
4,3,1,2,8,7,5,6,9,10,11,12,13
11178,12113,11899,3350,16105,15796,15717,42424,54922,18817,11523,10713,10330
9.477,10.363,10.223,1.914,14.334,14.083,13.987,15.326,17.25,15.798,9.586,7.484,8.397
3541,5051,3270,3980,3519,3500,4100,3188,3230,4010,3070,3134,3192
1.986,3.57,1.748,2.514,2.03,1.834,2.658,1.662,1.513,2.321,1.359,1.203,1.433
A37M4OVE9R80G
N/A
undefined
undefined
good
Chrome
2.904
0
1,1,1,0,1,1,1,1,1,2,2,2,2
0,0,0,0,1,1,1,1,1,2,2,2,2
0,0,0,0,0,0,0,0,0,1,1,2,1
0,0,0,0,0,0,0,0,0,0,0,0,0
-1,0,0,0,0,0,0,0,0,0,0,0,0
,,,,,,,,,,,,
1