4,5,4,5,4,5,5,4,4,5,4,5,5
4,3,2,1,5,6,7,8,12,11,9,10,13
24558,21006,24109,50067,19419,37874,22857,44444,26213,21441,98745,21669,27806
22.746,18.11,22.204,34.25,17.585,35.761,21.048,32.836,24.375,19.619,32.821,19.858,25.887
6523,4161,3940,4652,3797,3472,3484,3685,7261,3639,3795,4411,8560
4.381,2.271,2.246,2.69,2.115,1.849,1.814,2.043,3.288,1.965,2.153,2.784,6.698
A3QI1RV4HQ9MOC
N/A
undefined
undefined
the guideline was clear
Chrome
35.827
0
0,1,1,1,1,1,1,0,1,1,0,0,1
0,1,1,1,1,1,1,0,1,1,0,0,1
0,0,0,0,0,0,0,0,0,0,0,0,0
0,0,0,0,0,0,0,0,0,0,0,0,0
0,-1,0,0,0,0,0,0,0,0,0,0,0
,,,,,,,,,,,,
1