4,4,5,5,5,4,5,4,4,4,3,3,5
2,1,3,4,8,7,5,6,11,12,10,9,13
10755,17592,10900,10019,10703,13160,7695,9188,18997,13357,16051,15109,10305
9.124,12.828,8.857,8.237,8.831,11.436,6.11,7.583,17.356,11.511,14.122,13.517,6.207
3006,4644,2926,3283,2803,3105,3218,2810,3001,3337,3139,3215,4590
1.34,2.606,1.494,1.869,1.31,1.406,1.37,1.385,1.57,1.621,1.788,1.642,1.686
AZS1ZZRYENXVK
N/A
undefined
undefined
The loading time varying in every video.
Chrome
5.931
0
1,2,1,1,1,1,1,1,1,1,1,1,1
0,1,0,0,0,0,0,0,1,0,0,0,0
0,1,0,0,0,0,0,0,0,0,0,0,0
0,0,0,0,0,0,0,0,0,0,0,0,0
0,0,-1,0,0,0,0,0,0,0,0,0,0
,,,,,,,,,,,,
1